[gd_scene load_steps=6 format=3 uid="uid://8wrwqsd2budv"]

[ext_resource type="Script" path="res://addons/zylann.hterrain/hterrain.gd" id="1_5vqvb"]
[ext_resource type="Resource" path="res://data.hterrain" id="2_ebtfx"]
[ext_resource type="Script" path="res://addons/zylann.hterrain/hterrain_texture_set.gd" id="3_8450p"]
[ext_resource type="Script" path="res://Player.gd" id="4_bb8fh"]

[sub_resource type="Resource" id="Resource_y4vng"]
script = ExtResource("3_8450p")
mode = 0
textures = [[], []]

[node name="Node3D" type="Node3D"]

[node name="MTerrain" type="MTerrain" parent="."]
dataDir = "res://"
terrain_size = Vector2i(800, 800)
transform = Transform3D(1.5092, 0, 0, 0, 1, 0, 0, 0, 1.46339, 0, 0, 0)

[node name="HTerrain" type="Node3D" parent="MTerrain"]
script = ExtResource("1_5vqvb")
centered = true
_terrain_data = ExtResource("2_ebtfx")
chunk_size = 64
collision_enabled = true
collision_layer = 1
collision_mask = 1
shader_type = "Classic4Lite"
custom_shader = null
custom_globalmap_shader = null
texture_set = SubResource("Resource_y4vng")
render_layers = 1
cast_shadow = 1
shader_params/u_ground_uv_scale = 20
shader_params/u_depth_blending = true
shader_params/u_triplanar = null
shader_params/u_tile_reduction = null

[node name="recource" type="CSGBox3D" parent="."]
transform = Transform3D(1, 0, 0, 0, 1, 0, 0, 0, 1, 233.216, -0.189764, 256.499)
size = Vector3(30, 1, 30)

[node name="recource2" type="CSGBox3D" parent="."]
transform = Transform3D(1, 0, 0, 0, 1, 0, 0, 0, 1, -288.532, 0.529898, 252.38)
size = Vector3(30, 1, 30)

[node name="recource3" type="CSGBox3D" parent="."]
transform = Transform3D(1, 0, 0, 0, 1, 0, 0, 0, 1, -289.828, 0.503601, -255.626)
size = Vector3(30, 1, 30)

[node name="recource4" type="CSGBox3D" parent="."]
transform = Transform3D(1, 0, 0, 0, 1, 0, 0, 0, 1, -49.1098, 1.5108, 72.1026)
size = Vector3(30, 1, 30)

[node name="recource5" type="CSGBox3D" parent="."]
transform = Transform3D(1, 0, 0, 0, 1, 0, 0, 0, 1, 257.164, 1.0072, -235.392)
size = Vector3(30, 1, 30)

[node name="recource6" type="CSGBox3D" parent="."]
transform = Transform3D(1, 0, 0, 0, 1, 0, 0, 0, 1, 98.3407, 2.0144, -34.1416)
size = Vector3(30, 1, 30)

[node name="recource7" type="CSGBox3D" parent="."]
transform = Transform3D(1, 0, 0, 0, 1, 0, 0, 0, 1, 3.19748, 3.37189, 8.67522)
size = Vector3(30, 1, 30)

[node name="Player" type="CharacterBody3D" parent="." node_paths=PackedStringArray("cameraPivot")]
transform = Transform3D(0.999289, 0, -0.0377076, 0, 1, 0, 0.0377076, 0, 0.999289, 0, 0, 0)
script = ExtResource("4_bb8fh")
cameraPivot = NodePath("../CameraPivot")

[node name="DirectionalLight3D" type="DirectionalLight3D" parent="."]
transform = Transform3D(-0.224418, 0.374011, 0.899863, -0.0167256, -0.924758, 0.380187, 0.97435, 0.07027, 0.213788, 0, 0, 0)

[node name="CameraPivot" type="Node3D" parent="."]
transform = Transform3D(1, 0, 0, 0, 1, 0, 0, 0, 1, 0, 150, 0)

[node name="Camera3D" type="Camera3D" parent="CameraPivot"]
transform = Transform3D(1, 0, 0, 0, 0.333807, 0.942641, 0, -0.942641, 0.333807, 0, 0, 0)
